order	cond	time	button	rt	correct	block	counterbalance
1	2	58456	2	647	1	2	1
2	1	65106	1	314	1	2	1
3	1	71423	1	586	1	2	1
4	0	78006	2	432	1	2	1
5	2	84439	2	396	1	2	1
6	0	90839	2	1848	1	2	1
7	1	98689	1	2954	1	2	1
8	2	107656	2	944	1	2	1
9	0	114606	2	343	1	2	1
10	2	120956	2	2085	1	2	1
11	1	129039	1	398	1	2	1
12	1	135439	1	619	1	2	1
13	2	142056	1	1279	0	2	1
14	0	151323	2	648	1	2	1
15	1	157973	1	363	1	2	1
16	1	164340	1	457	1	2	1
17	1	170806	1	468	1	2	1
18	2	177273	2	542	1	2	1
19	2	183823	2	7202	1	2	1
20	2	197023	2	463	1	2	1
21	0	203490	2	409	1	2	1
22	2	209906	2	261	1	2	1
23	1	216173	1	200	1	2	1
24	1	222373	1	381	1	2	1
25	1	228757	2	538	0	2	1
26	2	237290	2	273	1	2	1
27	1	243573	1	275	1	2	1
28	2	249857	2	245	1	2	1
29	1	256107	3	1879	2	2	1
30	1	265973	1	280	1	2	1
31	0	272257	2	362	1	2	1
32	1	278623	2	1511	0	2	1
33	1	288123	1	311	1	2	1
34	0	294440	2	535	1	2	1
35	0	300974	2	479	1	2	1
36	2	307457	2	1160	1	2	1
37	1	314624	1	247	1	2	1
38	1	320874	1	250	1	2	1
39	1	327124	1	461	1	2	1
40	1	333590	1	3574	1	2	1
41	2	365707	2	1683	1	2	1
42	1	373391	1	444	1	2	1
43	1	379841	1	551	1	2	1
44	0	386391	2	478	1	2	1
45	1	392874	1	248	1	2	1
46	2	399124	2	731	1	2	1
47	2	405857	2	475	1	2	1
48	1	412341	1	404	1	2	1
49	1	418757	1	432	1	2	1
50	2	425191	2	795	1	2	1
51	1	431991	1	344	1	2	1
52	0	438341	2	615	1	2	1
53	2	444957	2	267	1	2	1
54	1	451224	1	270	1	2	1
55	1	457508	1	336	1	2	1
56	1	463858	2	607	0	2	1
57	0	472458	2	243	1	2	1
58	0	478708	1	837	0	2	1
59	1	487541	1	288	1	2	1
60	1	493841	1	289	1	2	1
61	1	500141	1	434	1	2	1
62	1	506574	1	270	1	2	1
63	0	512858	2	447	1	2	1
64	1	519308	1	507	1	2	1
65	0	525824	2	275	1	2	1
66	2	532108	2	261	1	2	1
67	1	538375	1	311	1	2	1
68	1	544691	1	3958	1	2	1
69	1	554658	1	292	1	2	1
70	0	560958	2	437	1	2	1
71	1	567408	1	1248	1	2	1
72	0	574658	2	555	1	2	1
73	1	581225	1	385	1	2	1
74	0	587625	2	398	1	2	1
75	1	594025	1	475	1	2	1
76	0	600508	2	1716	1	2	1
77	2	608225	2	1532	1	2	1
78	1	615758	1	283	1	2	1
79	2	620858	2	333	1	2	1
80	2	627675	2	1529	1	2	1
81	1	641858	1	443	1	2	1
82	2	648308	2	1317	1	2	1
83	1	655625	1	1469	1	2	1
84	2	663108	2	9163	1	2	1
85	2	678275	2	1352	1	2	1
86	1	685642	1	287	1	2	1
87	0	691942	2	592	1	2	1
88	1	698542	1	388	1	2	1
89	1	704942	1	353	1	2	1
90	1	711309	1	224	1	2	1
91	1	717542	1	355	1	2	1
92	2	723909	2	338	1	2	1
93	1	730259	1	577	1	2	1
94	1	736842	1	2517	1	2	1
95	0	745375	2	253	1	2	1
96	1	751642	1	2079	1	2	1
97	2	759725	2	312	1	2	1
98	0	766042	2	473	1	2	1
99	2	772526	2	1954	1	2	1
100	1	780492	2	752	0	2	1
101	2	789242	2	574	1	2	1
102	1	795826	1	451	1	2	1
103	0	802292	2	285	1	2	1
104	1	808592	1	271	1	2	1
105	1	814876	1	464	1	2	1
106	2	821342	2	635	1	2	1
107	2	827992	2	445	1	2	1
108	0	834442	2	792	1	2	1
109	0	841243	2	277	1	2	1
110	2	847526	3	439	2	2	1
111	1	855959	1	353	1	2	1
112	1	862326	1	336	1	2	1
113	0	868676	2	3805	1	2	1
114	0	878493	1	1265	0	2	1
115	1	887743	1	315	1	2	1
116	2	894059	2	379	1	2	1
117	1	900443	1	313	1	2	1
118	2	906759	2	1481	1	2	1
119	0	914243	2	363	1	2	1
120	1	920610	1	1992	1	2	1
121	2	935076	2	287	1	2	1
122	1	941376	1	1088	1	2	1
123	1	948476	1	1760	1	2	1
124	2	956243	2	1414	1	2	1
125	2	963660	2	5016	1	2	1
126	1	974676	1	236	1	2	1
127	1	980926	1	239	1	2	1
128	0	987176	2	1090	1	2	1
129	0	994276	2	658	1	2	1
130	1	1000960	1	4722	1	2	1
131	0	1011727	2	1392	1	2	1
132	1	1019160	1	243	1	2	1
133	2	1025443	2	53	1	2	1
134	0	1031543	2	254	1	2	1
135	1	1037843	1	1087	1	2	1
136	1	1044977	1	239	1	2	1
137	0	1051260	2	1871	1	2	1
138	0	1059177	2	2991	1	2	1
139	1	1068210	1	226	1	2	1
140	2	1074477	2	2452	1	2	1
141	1	1082977	1	221	1	2	1
142	2	1089244	2	319	1	2	1
143	1	1095610	1	269	1	2	1
144	1	1101927	1	446	1	2	1
145	0	1108410	2	647	1	2	1
146	0	1115094	2	328	1	2	1
147	0	1121460	2	1174	1	2	1
148	0	1128677	2	2562	1	2	1
149	1	1137277	1	1318	1	2	1
150	0	1144644	2	285	1	2	1
151	1	1150977	1	300	1	2	1
152	1	1157327	1	795	1	2	1
153	1	1164161	1	295	1	2	1
154	0	1170494	2	1158	1	2	1
155	1	1177694	1	323	1	2	1
156	1	1184061	1	1057	1	2	1
157	0	1191161	2	690	1	2	1
158	1	1197894	1	258	1	2	1
159	2	1204194	2	1490	1	2	1
160	1	1211727	1	466	1	2	1
