order	cond	time	button	rt	correct	block	counterbalance
1	2	8349	1	369	1	2	2
2	2	15199	1	1066	1	2	2
3	2	22266	1	347	1	2	2
4	1	28616	2	569	1	2	2
5	2	33999	1	686	1	2	2
6	2	39983	1	394	1	2	2
7	1	46866	2	1122	1	2	2
8	2	53983	1	625	1	2	2
9	1	60616	2	403	1	2	2
10	2	65833	2	207	0	2	2
11	0	74516	2	1788	1	2	2
12	2	82316	1	496	1	2	2
13	2	87633	3	1031	2	2	2
14	2	97133	1	422	1	2	2
15	1	103566	2	3246	1	2	2
16	0	112816	2	663	1	2	2
17	2	119483	1	1160	1	2	2
18	2	126649	1	421	1	2	2
19	1	133066	2	432	1	2	2
20	1	139499	2	1114	1	2	2
21	2	146616	1	5957	1	2	2
22	2	158583	1	418	1	2	2
23	0	164999	2	1133	1	2	2
24	2	172133	1	475	1	2	2
25	1	178616	2	355	1	2	2
26	1	184983	2	128	1	2	2
27	0	191116	2	3237	1	2	2
28	1	200350	2	559	1	2	2
29	2	206916	1	1667	1	2	2
30	0	214583	2	284	1	2	2
31	2	219683	1	348	1	2	2
32	1	225333	2	615	1	2	2
33	1	232433	2	518	1	2	2
34	1	238950	2	573	1	2	2
35	0	245533	2	385	1	2	2
36	0	251916	2	397	1	2	2
37	1	258316	2	1112	1	2	2
38	0	265433	2	839	1	2	2
39	0	272283	2	944	1	2	2
40	0	279233	2	2293	1	2	2
41	0	290566	2	585	1	2	2
42	2	297150	1	1149	1	2	2
43	1	304300	2	1721	1	2	2
44	2	312033	1	479	1	2	2
45	2	318516	1	472	1	2	2
46	0	325000	2	528	1	2	2
47	2	331533	1	3125	1	2	2
48	0	340666	2	403	1	2	2
49	2	347066	1	431	1	2	2
50	2	353500	1	1064	1	2	2
51	2	360566	1	713	1	2	2
52	0	367283	2	1496	1	2	2
53	2	374783	1	1622	1	2	2
54	1	382416	1	577	0	2	2
55	2	390983	2	916	0	2	2
56	2	399883	1	298	1	2	2
57	2	406183	2	458	0	2	2
58	1	414633	2	914	1	2	2
59	0	421550	2	505	1	2	2
60	2	428067	1	512	1	2	2
61	2	434583	1	743	1	2	2
62	0	441333	2	3298	1	2	2
63	2	450633	2	3592	0	2	2
64	0	462217	2	499	1	2	2
65	1	468717	2	570	1	2	2
66	1	475283	1	495	0	2	2
67	2	483767	1	150	1	2	2
68	0	489917	2	524	1	2	2
69	1	496450	2	1937	1	2	2
70	2	504383	1	528	1	2	2
71	2	510917	1	422	1	2	2
72	1	517350	2	1951	1	2	2
73	0	525300	2	1196	1	2	2
74	1	532500	2	903	1	2	2
75	0	539400	2	335	1	2	2
76	2	544550	3	685	2	2	2
77	2	553700	1	505	1	2	2
78	2	560217	1	688	1	2	2
79	1	566917	2	2047	1	2	2
80	0	574967	2	952	1	2	2
81	2	588667	1	635	1	2	2
82	0	595300	1	1261	0	2	2
83	0	604550	2	789	1	2	2
84	2	611350	1	480	1	2	2
85	2	617833	1	457	1	2	2
86	2	624300	1	546	1	2	2
87	2	629667	1	775	1	2	2
88	2	635750	1	352	1	2	2
89	0	642584	2	474	1	2	2
90	2	649067	1	1010	1	2	2
91	1	656084	2	773	1	2	2
92	1	661684	2	481	1	2	2
93	1	667467	2	86	1	2	2
94	2	674034	1	1434	1	2	2
95	0	681467	2	492	1	2	2
96	2	687967	1	468	1	2	2
97	1	694434	2	477	1	2	2
98	2	700917	2	3651	0	2	2
99	2	712550	1	493	1	2	2
100	1	719050	2	708	1	2	2
101	2	725767	1	4576	1	2	2
102	2	736350	2	421	0	2	2
103	1	744767	2	6218	1	2	2
104	2	756984	1	1436	1	2	2
105	2	764417	1	463	1	2	2
106	2	769700	1	824	1	2	2
107	2	777017	1	351	1	2	2
108	0	783367	2	460	1	2	2
109	2	789834	1	454	1	2	2
110	0	796284	1	2286	0	2	2
111	1	806550	2	430	1	2	2
112	2	812984	1	456	1	2	2
113	1	819450	2	1312	1	2	2
114	2	826767	1	456	1	2	2
115	0	833234	2	1600	1	2	2
116	2	840834	1	619	1	2	2
117	2	847450	1	574	1	2	2
118	1	854034	2	371	1	2	2
119	2	860417	2	671	0	2	2
120	2	869084	1	255	1	2	2
121	0	889151	2	958	1	2	2
122	2	896117	1	115	1	2	2
123	2	902234	1	602	1	2	2
124	1	908834	2	462	1	2	2
125	2	915301	2	343	0	2	2
126	0	923634	2	516	1	2	2
127	0	930151	2	427	1	2	2
128	1	936584	2	437	1	2	2
129	0	943034	2	431	1	2	2
130	2	949467	1	2072	1	2	2
131	2	957551	2	465	0	2	2
132	0	966001	3	840	2	2	2
133	0	974834	2	98	1	2	2
134	2	980934	1	713	1	2	2
135	2	987651	1	713	1	2	2
136	1	994367	2	2742	1	2	2
137	2	1003117	2	723	0	2	2
138	2	1011834	1	433	1	2	2
139	1	1018267	1	427	0	2	2
140	2	1026684	1	453	1	2	2
141	2	1033134	1	3740	1	2	2
142	2	1042884	1	850	1	2	2
143	1	1049734	2	1387	1	2	2
144	2	1057134	2	687	0	2	2
145	1	1065801	2	303	1	2	2
146	2	1072101	1	478	1	2	2
147	0	1078584	2	1494	1	2	2
148	0	1086084	2	357	1	2	2
149	1	1092451	2	8797	1	2	2
150	0	1107251	2	488	1	2	2
151	2	1112568	1	896	1	2	2
152	2	1119951	1	612	1	2	2
153	0	1126568	2	2517	1	2	2
154	2	1135084	1	620	1	2	2
155	2	1141701	2	479	0	2	2
156	0	1150168	2	535	1	2	2
157	1	1156701	2	2476	1	2	2
158	1	1165184	1	484	0	2	2
159	2	1173651	1	428	1	2	2
160	0	1178901	2	789	1	2	2
