order	cond	time	button	rt	correct	block	counterbalance
1	2	10216	2	1635	1	1	2
2	0	17899	2	1307	1	1	2
3	0	25249	2	624	1	1	2
4	0	31916	2	1520	1	1	2
5	1	39482	1	653	1	1	2
6	1	46182	1	2636	1	1	2
7	1	54866	2	524	0	1	2
8	0	63432	2	591	1	1	2
9	1	70066	1	1249	1	1	2
10	0	77366	2	537	1	1	2
11	2	83949	2	1692	1	1	2
12	0	91682	2	2385	1	1	2
13	1	100116	1	587	1	1	2
14	1	106749	2	653	0	1	2
15	2	115449	2	763	1	1	2
16	0	122249	1	551	0	1	2
17	1	130849	1	649	1	1	2
18	0	136349	2	729	1	1	2
19	0	143616	2	4271	1	1	2
20	1	153933	1	542	1	1	2
21	0	160516	2	514	1	1	2
22	0	167066	2	1159	1	1	2
23	2	174266	2	691	1	1	2
24	0	180999	2	465	1	1	2
25	2	187516	2	408	1	1	2
26	0	193966	2	1345	1	1	2
27	1	201349	1	1700	1	1	2
28	1	209099	1	4151	1	1	2
29	1	219299	1	666	1	1	2
30	0	226016	2	633	1	1	2
31	1	232699	1	1145	1	1	2
32	1	238683	2	790	0	1	2
33	2	248016	2	2473	1	1	2
34	1	256533	1	96	1	1	2
35	0	262666	2	663	1	1	2
36	2	269366	2	470	1	1	2
37	2	275883	2	445	1	1	2
38	1	282366	1	517	1	1	2
39	1	288933	1	986	1	1	2
40	1	295966	1	796	1	1	2
41	2	323666	2	389	1	1	2
42	2	328899	2	480	1	1	2
43	0	334716	2	164	1	1	2
44	0	341416	2	2194	1	1	2
45	2	349650	2	468	1	1	2
46	2	356166	4	3177	2	1	2
47	1	367383	1	546	1	1	2
48	1	372766	1	775	1	1	2
49	1	380083	2	1645	0	1	2
50	1	389766	1	2019	1	1	2
51	2	397833	2	396	1	1	2
52	1	404266	1	502	1	1	2
53	1	410816	1	1227	1	1	2
54	1	418083	1	1460	1	1	2
55	1	424383	1	740	1	1	2
56	2	431666	2	4473	1	1	2
57	1	442183	1	560	1	1	2
58	1	448783	1	2866	1	1	2
59	2	457700	2	6820	1	1	2
60	0	469366	2	414	1	1	2
61	0	476316	2	1075	1	1	2
62	1	483433	2	1681	0	1	2
63	1	493166	1	454	1	1	2
64	1	499666	1	6105	1	1	2
65	1	511816	1	2702	1	1	2
66	2	520566	2	443	1	1	2
67	1	527050	1	355	1	1	2
68	0	533450	2	3309	1	1	2
69	1	542800	1	1234	1	1	2
70	1	550083	2	395	0	1	2
71	1	558516	1	867	1	1	2
72	0	565433	2	426	1	1	2
73	0	571900	2	2625	1	1	2
74	1	580567	1	770	1	1	2
75	1	587383	2	509	0	1	2
76	0	595933	2	8028	1	1	2
77	1	610000	1	677	1	1	2
78	1	616717	1	1092	1	1	2
79	1	623850	1	6062	1	1	2
80	1	635950	1	1492	1	1	2
81	1	670833	3	858	2	1	2
82	1	679733	1	225	1	1	2
83	1	686000	1	594	1	1	2
84	1	691433	1	389	1	1	2
85	1	698367	1	746	1	1	2
86	0	703950	4	407	2	1	2
87	1	712900	1	571	1	1	2
88	0	719517	2	574	1	1	2
89	2	726133	2	673	1	1	2
90	2	732850	2	560	1	1	2
91	1	739450	1	2882	1	1	2
92	2	748383	2	8	1	1	2
93	1	753233	2	562	0	1	2
94	1	761133	1	242	1	1	2
95	0	767917	2	1005	1	1	2
96	2	774967	2	543	1	1	2
97	1	781550	1	1058	1	1	2
98	1	788650	1	514	1	1	2
99	1	794017	1	871	1	1	2
100	0	800234	2	1051	1	1	2
101	2	807834	2	1717	1	1	2
102	1	815600	1	362	1	1	2
103	2	822000	2	1717	1	1	2
104	1	829767	1	713	1	1	2
105	1	836517	1	423	1	1	2
106	1	842984	1	672	1	1	2
107	0	849700	2	462	1	1	2
108	0	856200	2	1781	1	1	2
109	2	864034	2	2342	1	1	2
110	0	872417	2	530	1	1	2
111	1	878984	1	392	1	1	2
112	2	885417	2	498	1	1	2
113	0	890767	2	1032	1	1	2
114	0	898350	2	1347	1	1	2
115	1	905734	1	375	1	1	2
116	0	910950	2	946	1	1	2
117	2	918434	2	371	1	1	2
118	2	923650	2	542	1	1	2
119	1	930734	2	702	0	1	2
120	1	938284	1	1099	1	1	2
121	1	955234	2	490	0	1	2
122	1	963767	1	382	1	1	2
123	1	970200	2	665	0	1	2
124	1	977717	1	407	1	1	2
125	0	984667	2	17057	1	1	2
126	1	1007767	1	465	1	1	2
127	2	1014284	2	1127	1	1	2
128	2	1021451	1	676	0	1	2
129	0	1028967	2	850	1	1	2
130	2	1036367	2	294	1	1	2
131	1	1042701	2	1075	0	1	2
132	0	1051817	2	465	1	1	2
133	2	1058334	2	408	1	1	2
134	1	1063584	1	179	1	1	2
135	2	1070301	2	353	1	1	2
136	1	1076701	1	1116	1	1	2
137	1	1082667	2	90	0	1	2
138	1	1091301	1	571	1	1	2
139	2	1097917	2	525	1	1	2
140	0	1104484	2	1058	1	1	2
141	2	1111584	2	673	1	1	2
142	2	1117101	2	577	1	1	2
143	1	1123017	2	416	0	1	2
144	2	1130784	2	437	1	1	2
145	1	1137767	2	584	0	1	2
146	0	1146401	2	457	1	1	2
147	2	1152901	2	1968	1	1	2
148	2	1159717	2	283	1	1	2
149	1	1166551	1	1157	1	1	2
150	2	1173751	2	496	1	1	2
151	1	1180284	2	631	0	1	2
152	0	1188967	2	1125	1	1	2
153	1	1196134	1	546	1	1	2
154	1	1202717	1	854	1	1	2
155	1	1209617	1	429	1	1	2
156	0	1214884	2	151	1	1	2
157	1	1221584	1	375	1	1	2
158	2	1228001	2	450	1	1	2
159	1	1234501	1	457	1	1	2
160	2	1241001	2	1024	1	1	2
